0.025228500366210938 0.167578125
0.06095409393310547 0.193359375
0.09582829475402832 0.21914062499999998
0.13074064254760742 0.24492187499999998
0.16550540924072266 0.2578125
0.20026731491088867 0.28359375
0.23502612113952637 0.30937499999999996
0.26976537704467773 0.322265625
0.3045005798339844 0.348046875
0.3392336368560791 0.36093749999999997
0.3741748332977295 0.38671875
0.40891599655151367 0.399609375
0.44365715980529785 0.399609375
0.47840404510498047 0.451171875
0.5131392478942871 0.4640625
0.5478713512420654 0.48984374999999997
0.5826184749603271 0.502734375
0.6174757480621338 0.5285156249999999
0.6522197723388672 0.54140625
0.6869606971740723 0.5671875
0.7218856811523438 0.580078125
0.7566671371459961 0.605859375
0.7914350032806396 0.6187499999999999
0.8266222476959229 0.64453125
0.86177659034729 0.6574218749999999
0.8969604969024658 0.6832031249999999
0.9321413040161133 0.69609375
0.9672980308532715 0.708984375
1.0024571418762207 0.734765625
1.0377788543701172 0.7476562499999999
1.0733518600463867 0.760546875
1.1086201667785645 0.7863281249999999
1.1438028812408447 0.79921875
1.1787140369415283 0.8121093749999999
1.2136287689208984 0.8121093749999999
1.2488369941711426 0.8121093749999999
1.2840003967285156 0.863671875
1.3193202018737793 0.8765624999999999
1.3545846939086914 0.90234375
1.3897535800933838 0.9152343749999999
1.4249069690704346 0.9410156249999999
1.4600989818572998 0.95390625
1.4952495098114014 0.9796874999999999
1.530409812927246 0.992578125
1.5656912326812744 1.018359375
1.6008410453796387 1.018359375
1.636000156402588 1.044140625
1.6710638999938965 1.069921875
1.7061131000518799 1.0828125
1.7411680221557617 1.095703125
1.7764203548431396 1.10859375
1.8115806579589844 1.1214843749999999
1.8467352390289307 1.147265625
1.8819210529327393 1.16015625
1.9172475337982178 1.173046875
1.9527795314788818 1.1859374999999999
1.9880139827728271 1.198828125
2.0232114791870117 1.21171875
2.058368444442749 1.2374999999999998
2.0936100482940674 1.2503906249999999
2.1287641525268555 1.26328125
2.1639153957366943 1.276171875
2.1990773677825928 1.3019531249999998
2.234509229660034 1.3148437499999999
2.2696750164031982 1.327734375
2.3047409057617188 1.340625
2.3400230407714844 1.353515625
2.37573504447937 1.3664062499999998
2.4111340045928955 1.3792968749999999
2.4466331005096436 1.405078125
2.482513189315796 1.41796875
2.517943859100342 1.4308593749999998
2.5533876419067383 1.4437499999999999
2.5887672901153564 1.456640625
2.624086618423462 1.46953125
2.6595499515533447 1.482421875
2.695152997970581 1.4953124999999998
2.7320027351379395 1.5082031249999999
2.768070697784424 1.52109375
2.803065538406372 1.533984375
2.8378186225891113 1.546875
2.872558355331421 1.5597656249999998
2.9072980880737305 1.5726562499999999
2.9420316219329834 1.585546875
2.9770021438598633 1.5984375
3.011744499206543 1.5984375
3.0469207763671875 1.611328125
3.081745147705078 1.6242187499999998
3.1166157722473145 1.6371093749999999
3.1514151096343994 1.6371093749999999
3.1862361431121826 1.662890625
3.2211644649505615 1.67578125
3.256075143814087 1.6886718749999998
3.2911057472229004 1.7015624999999999
3.326242208480835 1.72734375
3.3614237308502197 1.740234375
3.3965957164764404 1.7531249999999998
3.4317467212677 1.7660156249999999
3.4671308994293213 1.77890625
3.502326726913452 1.791796875
3.537482261657715 1.8046875
3.572683572769165 1.8175781249999998
3.6078596115112305 1.843359375
3.643001079559326 1.843359375
3.678135395050049 1.869140625
3.713651180267334 1.8820312499999998
3.748945713043213 1.8949218749999999
3.7840988636016846 1.9078125
3.8192875385284424 1.920703125
3.8543460369110107 1.93359375
3.8894450664520264 1.9464843749999998
3.9245026111602783 1.9593749999999999
3.959555149078369 1.972265625
3.994741916656494 1.98515625
4.029969215393066 1.998046875
4.065126895904541 1.998046875
4.1003196239471436 2.0109375
4.135465621948242 2.023828125
4.170616865158081 2.03671875
4.205873966217041 2.0496093749999997
4.241017818450928 2.0496093749999997
4.276160955429077 2.0496093749999997
4.311399221420288 2.075390625
4.346713542938232 2.08828125
4.381868124008179 2.101171875
4.417022228240967 2.1140624999999997
4.452180624008179 2.126953125
4.487403154373169 2.13984375
4.522647142410278 2.152734375
4.557801723480225 2.165625
4.59295654296875 2.1785156249999997
4.628131151199341 2.19140625
4.663279294967651 2.204296875
4.698438405990601 2.204296875
4.733637809753418 2.2171875
4.768792152404785 2.230078125
4.803950786590576 2.2429687499999997
4.83913516998291 2.2429687499999997
4.874290227890015 2.255859375
4.910913944244385 2.26875
4.946618556976318 2.281640625
4.982117176055908 2.281640625
5.01734185218811 2.29453125
5.052672386169434 2.3074218749999997
5.087514877319336 2.3203125
5.122273206710815 2.333203125
5.157006740570068 2.333203125
5.191738128662109 2.34609375
5.226467609405518 2.358984375
5.261207342147827 2.358984375
5.295937538146973 2.3718749999999997
5.33066463470459 2.3718749999999997
5.365391731262207 2.384765625
5.400118112564087 2.39765625
5.4348464012146 2.39765625
5.469576120376587 2.410546875
5.504319667816162 2.410546875
5.539163827896118 2.4234375
5.573912620544434 2.4234375
5.608657598495483 2.4363281249999997
5.643388509750366 2.4363281249999997
5.6781158447265625 2.4749999999999996
5.71290922164917 2.4749999999999996
5.748050689697266 2.4749999999999996
5.783241271972656 2.487890625
5.8183910846710205 2.5007812499999997
5.853571653366089 2.5007812499999997
5.888721942901611 2.513671875
5.923864126205444 2.513671875
5.959655046463013 2.5265625
6.184643983840942 2.5007812499999997
6.409610748291016 2.0496093749999997
6.63454270362854 1.9078125
6.8599207401275635 1.8304687499999999
7.0853271484375 1.77890625
7.310772895812988 1.740234375
7.536246061325073 1.6886718749999998
7.761645078659058 1.662890625
7.9871087074279785 1.65
8.212501049041748 1.65
8.437855958938599 1.5597656249999998
8.663261651992798 1.533984375
8.888611078262329 1.4953124999999998
9.114124059677124 1.46953125
9.33955454826355 1.4437499999999999
9.564948081970215 1.405078125
9.790373802185059 1.3792968749999999
10.015845537185669 1.353515625
10.241266012191772 1.327734375
10.466500043869019 1.3019531249999998
10.691734075546265 1.276171875
10.91703176498413 1.26328125
11.142199993133545 1.2374999999999998
11.367380619049072 1.21171875
11.592565536499023 1.1859374999999999
11.817652463912964 1.16015625
12.042784214019775 1.147265625
12.26794981956482 1.1214843749999999
12.493088960647583 1.10859375
12.718360900878906 1.0828125
12.943641424179077 1.069921875
13.16904592514038 1.044140625
13.394519329071045 1.03125
13.619919776916504 1.018359375
13.845265865325928 1.00546875
14.070754766464233 0.9796874999999999
14.296122074127197 0.966796875
14.521652221679688 0.95390625
14.747096300125122 0.9410156249999999
14.972464323043823 0.928125
15.197818994522095 0.9152343749999999
15.423278093338013 0.90234375
15.648675680160522 0.889453125
15.87408709526062 0.8765624999999999
16.099501132965088 0.863671875
16.32503914833069 0.863671875
16.550483465194702 0.8121093749999999
16.775845050811768 0.8121093749999999
17.001310110092163 0.8121093749999999
17.22674822807312 0.79921875
17.45211958885193 0.7863281249999999
17.677547454833984 0.7734375
17.902966022491455 0.760546875
18.128534078598022 0.7476562499999999
18.35391616821289 0.734765625
18.579317092895508 0.7218749999999999
18.80486226081848 0.708984375
19.0302255153656 0.69609375
19.255606651306152 0.69609375
19.48101305961609 0.6832031249999999
19.706397533416748 0.6703125
19.931931495666504 0.6574218749999999
20.15734362602234 0.6574218749999999
20.382703065872192 0.64453125
20.608158588409424 0.631640625
20.83351230621338 0.631640625
21.05887222290039 0.6187499999999999
21.284284353256226 0.6187499999999999
21.5096595287323 0.6187499999999999
21.735215663909912 0.605859375
21.96061658859253 0.5929687499999999
22.1859769821167 0.5929687499999999
22.41142177581787 0.580078125
22.63684368133545 0.580078125
22.86228084564209 0.5671875
23.08770751953125 0.5671875
23.312937021255493 0.554296875
23.538190126419067 0.554296875
23.763306140899658 0.54140625
23.988536596298218 0.54140625
24.213870763778687 0.5285156249999999
24.43896508216858 0.5285156249999999
24.664128303527832 0.5285156249999999
